0.019862636375163053 0.06943253166195176 1.077660544073629E-4 
1.7791236907355706E-6 0.9673544063367655 5.618792615963706E-8 
0.03674873457667126 0.9871656466093361 0.9128039948330524 
0.010729320302868777 0.06738252831995592 0.11238158991578907 
0.9955400901584157 9.160908099243585E-8 0.9999983073747193 
0.973546818462447 0.9930487641186617 2.6862762257144092E-6 
0.9654880847077031 0.9950618555278445 0.007559350061659362 
0.956422145959538 0.0076972633380461624 0.9990744928410381 
0.9628906146718471 0.006567294152616264 0.9978294400751752 
0.9999405342717779 0.9001608927026035 0.06549872847252759 
0.9804477008283757 0.9999958505829114 0.0016093823296592432 
0.9993539458008471 0.9958921775836724 0.00396130421797428 
0.011892586818174069 0.029204465262614304 0.17943512838928208 
0.02932723136725597 5.905529609037136E-4 0.7147613019503717 
0.003198775886731536 0.9610757809493068 0.9793814817129531 
0.03993409454515779 0.0395764118461419 0.20608511801793897 
